546958
299146
333756
570732
505635
525072
578933
339727
587284
587897
291610
340980
299413
587563
318132
269698
269111
8028
579669
583537
573991
585406
333877
578665
585820
519761
317002
547975
584063
312355
265758
394765
544785
544352
586429
464496
281584
310550
151791
170505
436843
509573
519167
553016
574789
8029
402550
560167
453648
342975
583465
587467
451310
64743
364608
551891
587459
552249
439546
529968
323175
280310
239513
586770
586021
586290
577787
537053
363242
402498
391154
574730
584853
553539
570143
513200
445501
379837
581363
585596
520613
587349
397229
519530
486377
565249
587192
587142
583787
23110
577406
582705
203752
405285
261656
425568
574273
405285
587897
587563
553016
519761
269698
588595
583537
333756
554581
299146
505635
373691
269111
340980
588418
548546
364608
121271
588076
579669
532673
459864
299413
585406
339727
551268
554430
525072
469052
342975
301913
8028
588095
318295
503291
569243
586429
279705
540304
317002
91099
587284
544785
544989
341721
588956
308943
570732
509573
437280
553096
453648
353878
587471
519530
243445
333877
543474
417913
577085
588644
8029
483250
289701
586004
535990
309891
579852
587930
544352
407647
588203
547975
265758
23110
446393
453266
588129
553539
492964
495091
557480
589007
583831
469341
430512
588410
515154
583465
406173
589005
586770
502048
309872
402249
426603
514952
318132
587913
574108
587897
519761
588418
505635
333756
299146
588076
421496
269698
522790
579669
537475
589422
435275
512244
339727
299413
321308
301087
569058
446393
439546
588242
519443
540149
8028
322044
121271
525072
587563
111336
364608
589007
539045
544785
588595
578367
547975
543985
405285
587721
422923
569243
583537
543474
560387
540751
452051
553016
318132
517568
23110
8029
281584
426511
589479
585406
194423
364277
578665
554201
424907
469341
336187
589168
308943
577085
516341
589190
373691
329267
407647
506568
589795
582973
254659
542122
360261
585158
523630
581324
548186
391154
570732
317002
553473
243445
583541
575026
582705
473089
342975
331778
588915
539873
538845
587284
589625
554581
589458
583465
589495
405285
111336
587897
589190
525072
522790
588418
537475
546958
579669
324073
582085
301087
583537
333756
8028
579400
590139
301373
168415
459864
237605
526843
512244
243445
261595
424907
521036
578665
544785
446393
587563
339727
338189
322044
519761
421496
481923
511548
589422
589724
581970
282802
8029
279069
547975
389603
578367
23110
586908
350026
340452
588242
505635
590511
589936
170505
582910
299146
563206
520514
98603
565968
269698
108032
89130
396101
265446
342236
422923
590149
590192
364608
588076
590786
551102
588203
269111
569058
317002
523931
166302
566926
344232
453648
540751
339974
548190
586429
510729
429744
333877
308943
462681
332159
292807
347898
474686
401044
590278
585461
550208
587284
586427
272569
548712
478601
566294
347925
591545
479075
381809
525072
587897
546958
526857
588418
570732
507755
587563
579493
23110
318132
405285
422923
526843
321341
358006
8028
269698
540149
481923
570159
333756
222757
469341
589190
537053
555088
582960
421496
493563
272569
540751
168415
554581
474150
546312
505635
589724
419082
322044
589120
570472
590445
555447
551891
554201
578933
415520
261595
588169
591697
583537
592304
293624
591727
591647
498209
446393
576941
333877
568419
513043
405004
475520
565249
299146
437280
426511
544785
191326
591311
313839
360261
579400
364608
523931
413090
435499
592459
389603
342975
591816
591929
424907
170331
434729
111336
587284
510165
269111
132464
592470
408576
8029
237605
170505
592085
571211
586415
562234
538933
585406
586416
554193
592814
592454
544308
564558
581688
323982
520514
483132
567980
551196
536242
496219
533883
326207
525072
471719
593811
318132
587897
569644
554581
540751
593244
526843
308943
505635
327023
579669
321341
594300
8028
591608
590559
333756
23110
272569
299146
422923
579852
570732
339727
510222
569047
538933
578665
293624
243445
269698
503291
54767
289934
570159
505321
469341
590290
8029
537053
458603
591363
372713
593208
301087
557264
546844
593086
395379
340980
376398
390204
594541
364608
546958
436843
583618
552315
591647
580310
503726
594376
588418
592559
593769
593329
551891
555336
533688
473089
110764
592281
470931
593595
528058
97838
521036
317002
446393
532040
592304
593041
580877
301098
553096
593738
269111
486930
318684
554201
473205
506425
515677
593800
588076
533659
457683
594053
496219
585158
474686
594372
560177
593768
593253
364608
333756
570732
546958
23110
593611
554581
578665
587897
587563
543474
422923
469341
505635
590290
582085
299146
593244
579669
593086
428456
376398
594898
8028
542122
593738
402498
338252
593769
421241
437280
358438
532366
583896
269111
544785
594376
326207
451310
469052
581986
479471
559374
176489
546312
555977
594919
594372
464361
584231
491669
588418
237605
594568
594890
573726
595645
400365
551891
594274
384188
566596
568419
590074
595164
580101
576338
436649
526367
21149
448841
587284
532402
111336
594917
339392
418948
540751
483507
303469
440439
589846
320737
570159
591512
339727
286107
578502
425787
581934
496219
293624
99627
579470
564558
586290
595353
289041
559428
341813
595443
555074
397693
172419
300137
333877
301087
595252
170505
354428
551994
8029
318132
570673
396645
595287
445501
349670
243445
546958
333756
311386
491669
554581
572021
428456
23110
161099
578665
540751
530184
532402
525072
592247
579669
292807
596238
570732
426511
279150
8028
584912
588418
422923
596508
595677
595443
505635
326207
542132
593768
272569
594300
318132
592304
451310
358438
526843
424907
592470
269111
243231
543474
593086
279085
559374
597106
415520
595923
594485
396627
594372
546844
456931
590445
469341
111336
587897
107356
596460
584363
359994
583104
544785
552994
597192
301087
559205
593507
395524
580551
585446
596937
597164
458419
581457
537627
349155
8029
592793
575855
170505
595722
584853
394743
595788
593244
596217
442262
597053
596234
590840
587563
596729
596052
445501
595317
589422
379837
595047
591887
596137
596279
594422
570159
197296
436649
282321
589440
534814
535990
593449
595353
294222
596709
597246
595546
478054
364608
384188
510180
358220
596503
596325
589120
593738
495091
396101
590074
596094
555447
421241
326207
587897
596238
161099
402498
593086
525072
554581
469341
333756
505635
597649
578933
421496
572021
579669
421241
578665
562539
596937
145317
8028
490133
597793
578502
358438
564035
597271
570159
537627
442262
594485
23110
580342
597852
559205
595677
318132
597615
552994
422923
108426
595993
453573
373893
570732
197296
458603
369470
570069
590445
595126
589479
597348
560403
582910
526843
8029
111336
108816
594118
581363
597164
593738
593697
572762
173103
532366
597440
596933
588076
598213
587119
598220
589058
292807
344966
559527
583618
589386
593769
546958
588022
578502
579669
292807
598572
111336
542122
358438
593244
596238
422923
597508
23110
525072
326207
318132
333756
593086
427069
161099
572021
599225
318684
593611
564035
594300
435211
526843
555155
590445
597649
8028
595791
346495
173168
140686
272569
433326
454266
594372
595317
554581
580342
570159
597793
592304
591789
396101
510165
505635
544785
588418
595364
572762
505824
552994
320844
442262
577363
297389
308413
386578
436649
537475
542132
377214
311386
540751
578665
597725
552726
397795
594568
563490
592952
555977
538015
595353
529532
562639
546844
421241
8029
412581
299413
597192
592313
373893
570069
599012
469341
333877
598216
473975
243231
392442
337031
580804
484564
484214
592793
471591
394743
514117
301087
108816
471979
583541
554193
578800
599720
599277
596462
598403
448417
474686
599581
384034
599787
185610
580173
96305
587646
598639
430512
537627
599916
437280
580877
546958
326207
595364
578933
599132
547975
562029
588022
593611
600325
397795
599916
596238
600200
583808
416626
422923
599968
237605
111336
318132
339974
601008
23110
381809
600508
599739
590741
565249
389603
595517
540751
591789
505635
543471
579120
579669
537475
308522
8028
591105
594850
600083
542122
421241
301087
268465
544393
588038
243445
346495
599809
592304
272569
590269
560167
448841
502388
599695
420872
555155
570159
479075
570069
442262
373893
525072
601063
600527
593244
558896
299146
577787
578800
597649
588418
583618
583537
384034
435076
571211
427488
563936
317002
572256
564035
522790
450313
590074
526843
519443
600436
322044
469341
334262
384499
598367
593738
594568
596860
600879
589936
333877
593208
600367
600311
126660
596933
533688
600791
595317
598730
600477
601110
601183
523931
598572
8029
602368
333756
558626
571885
367382
601872
600210
468363
318132
588418
326207
450506
601880
596238
597649
591105
546958
505635
8028
490570
583618
596288
568419
272569
301087
601973
579669
602319
435275
472048
601934
599132
23110
587897
462351
523931
601900
8029
539404
422923
600325
539148
583808
279409
384034
420872
344966
389603
509418
560403
546312
416626
543471
598912
570673
593062
498209
570159
373893
570069
478601
471719
484502
547975
601063
126660
600348
544785
601943
564035
600852
601441
89130
542132
600508
602610
243445
322044
593800
601504
540751
397229
583243
534636
565249
601356
600332
469341
122235
386578
98603
394295
602480
563934
602496
602439
320421
424907
598367
532366
581986
600652
572150
496698
454844
108426
349990
168525
483446
278786
525072
111336
554581
603234
421241
529968
484502
602480
596238
327789
603250
367382
601872
272569
603462
595364
8028
603222
588418
553016
500183
565818
564558
602319
603718
333756
583954
579669
396101
540751
601441
602318
8029
528904
197296
421396
472048
350143
603022
181590
588939
558626
512244
603208
603366
572762
603898
310993
478601
472956
603379
603913
602981
505635
523931
597649
599563
537475
587897
373893
584282
570069
445501
341813
603387
588076
572256
517287
318132
592470
544172
547975
23110
155129
593244
595116
603262
32555
595353
326490
599968
448061
583808
548712
552814
563206
490570
455611
430512
567376
597192
602694
427864
601370
473614
446845
568419
603253
501151
588022
600652
603863
533129
498118
504008
333877
586371
585446
603465
603394
529968
421241
554581
526843
563206
525072
603993
318132
602480
583808
595126
596238
396101
272569
595677
226796
579669
421396
592470
338252
8028
500725
539045
445501
382916
601872
604803
108816
604502
111336
603898
601441
602616
603394
603462
540751
327789
604658
544393
595648
579120
603222
326490
437280
602320
505635
571885
604802
514125
536242
597649
568419
603465
603905
583243
584282
156922
317002
460473
588418
333756
344966
600751
593738
570732
603221
326207
151791
140686
295853
243445
402498
570069
593861
440439
373893
472956
319375
578665
8029
553726
437932
155129
442262
379768
585158
530188
604518
603757
398150
589936
591756
405816
564558
390204
602891
421241
554581
326207
339974
111336
577499
226377
563206
525072
272569
578665
583808
583714
596238
605214
605815
604522
450224
595126
529968
279409
603222
8028
543474
354769
395524
80111
603821
570732
603394
484502
605474
394295
593086
593697
303425
605727
605432
544788
540751
588388
351323
605518
601872
562029
376398
173168
593507
326490
604565
502556
600311
534961
332278
605695
382916
583243
436649
589190
396101
505635
333756
603462
605775
584282
603993
603022
605109
130217
593244
602407
579561
437932
590445
602320
323940
605181
8029
605840
557903
420872
595591
556430
493053
538845
605823
563195
579493
601227
605428
479471
535026
347279
98603
583541
605234
580551
603491
605359
421605
602510
580173
462126
605986
412722
406015
605339
323810
526843
602355
475123
552830
423799
262526
156922
602155
595364
487927
430512
603905
272012
320737
221079
581363
518291
554581
596118
587897
111336
519761
557903
601872
437754
590741
543474
606072
525072
156922
333756
596937
596133
505635
565818
605717
537475
595126
596238
421241
272569
529968
579669
603462
500725
588388
577499
605214
303425
606459
540751
8028
495748
491669
553016
603387
606014
591756
578665
570732
585158
594145
589245
595677
607041
604658
397229
197296
538041
424615
575824
370170
519034
99627
605815
563840
603993
395524
598228
606503
8029
320737
597246
586217
603821
592203
506568
445501
565249
606753
547423
140686
561007
588076
604565
459950
255082
414747
548712
590445
354769
345506
408990
597458
108816
606578
365291
591062
535351
607116
507888
595364
606405
326490
564954
604479
605805
519065
453130
559559
387573
543474
554581
601872
579669
525072
289934
111336
603462
583714
596238
606014
333756
437754
572021
606072
607656
519761
505635
578502
320737
421241
8028
500183
479471
606503
226377
442262
272569
396101
570732
580551
607041
595126
392087
397229
606449
353520
303425
84957
398150
277576
328460
551575
570159
591062
602320
540751
209205
607800
577499
402498
173168
565818
578665
607849
8029
603491
603465
583243
581363
368155
578268
607607
607611
605695
156922
465203
379768
594145
587007
564558
599225
607672
581143
590445
462126
455291
605234
607577
430936
606872
603741
593861
333877
520096
553016
460473
382916
580809
607533
595677
556249
607062
595353
108816
555074
589936
529968
579120
554581
606072
337718
601872
606014
341552
525072
272569
519761
579669
603462
563206
589936
373405
466337
596238
507888
540751
608603
595126
608624
593800
501151
608893
578665
421241
317002
111336
606877
8028
345506
544308
108816
299146
538897
538041
524632
529968
587897
402498
445501
583618
333756
537475
571211
609668
289934
503291
588076
608525
603993
570159
370190
536242
589245
238845
473721
476493
353520
522991
608139
608221
595677
390204
606570
564558
342975
8029
479471
575824
468360
585195
598418
543471
591789
130217
451310
599835
604320
586292
609359
197296
326207
154620
588321
605840
169357
482889
384120
344120
543717
599225
335321
591717
535026
423072
607963
590633
608064
603821
604479
584907
602320
581363
544417
548712
609610
243445
594942
589422
607244
446845
570732
605287
574063
311386
602355
371040
499376
484727
391567
318497
585326
574444
436536
437280
609712
583490
522965
609701
536303
607656
359063
607935
230082
609602
393064
609661
358006
525743
609324
609668
606072
554581
601872
579669
593800
337718
610351
595126
570732
539045
571211
575824
272569
543474
529968
111336
168415
603462
525072
610702
572021
342975
593062
608290
581787
591717
604066
565818
500725
578933
610738
238845
137775
405285
8028
610117
537475
610059
421241
522965
379768
402498
590741
436536
610951
606014
610094
540751
595353
344120
606834
610782
542486
289934
608893
603821
581174
588418
594939
513200
532680
610663
563206
609240
610890
8029
99627
610723
609933
559302
602320
586318
595677
445501
538933
603993
610478
301087
436843
610439
608373
610159
540240
605287
600348
423880
499376
607585
458603
579272
610990
551835
495600
437280
602155
424907
442344
479471
608309
580962
345506
375742
345462
603465
354769
610533
574950
353520
578665
607692
583243
610854
610288
519761
524626
589190
428226
388441
594390
503291
303548
484214
578268
610222
105178
392871
607244
585158
610501
601461
304221
537627
558863
355975
500272
599835
602018
472014
535471
499290
610295
605967
532592
611059
156922
399367
608603
607209
530344
610043
608438
607278
493468
324818
594902
595517
333877
611037
603462
601872
554581
525072
610951
565818
609668
578933
543474
595126
479471
579669
610351
608893
326207
570732
611377
469779
608290
554533
311386
402498
529968
611059
583243
500183
601003
108816
468363
610782
593800
173103
539045
603465
303454
437280
8028
596118
611524
611437
351323
8029
605775
405285
272569
611429
573996
379768
611836
591717
495670
585158
581986
577704
430936
513804
606877
605814
551891
568367
610059
417090
611699
514195
610723
362308
396101
611535
446393
543077
473089
435275
561753
609805
436843
611586
610832
318132
589936
609813
611303
156922
606834
612154
539090
583903
421241
355975
519628
111336
553095
597604
491669
584203
326490
492964
384120
611026
608373
611517
604320
535803
540751
596252
611844
612144
301087
611860
501151
100783
608635
579272
379924
611364
611747
609744
327412
553096
611536
362144
611619
595636
503291
600497
611858
554603
366783
537475
559374
611345
367157
269111
578665
224632
605234
594902
611287
154620
610702
317002
547723
339455
411877
554581
326207
577704
507888
529968
601872
610951
612774
595126
579272
472048
537475
539765
602320
303454
344120
579669
612240
8028
469779
430936
565818
610351
608290
583243
522991
510222
277576
238845
609668
500725
542132
609805
397795
603821
568367
8029
596746
272012
608893
507616
261656
510165
569058
535803
111336
269127
611844
574950
554603
587897
590631
257664
438256
377088
402657
612451
593089
540751
612825
396101
570732
612332
301087
604565
320737
405285
551891
613122
156922
601003
553616
610738
594939
612230
612567
611524
231995
173103
602799
589190
435275
363048
611747
543077
568419
500183
423337
474686
539045
609658
401766
445477
609858
355975
539802
612289
503291
608446
437280
608754
384120
586415
390425
517899
603462
612240
579272
472048
326207
613864
588180
610951
542132
579669
613774
586415
479471
583243
612332
111336
396101
609668
601872
168415
525072
554581
595126
610351
570732
572021
99627
568419
614220
589190
303454
421241
614022
612289
342975
613334
552830
537475
578665
535803
596746
589213
613644
611747
518666
614096
613012
613047
476185
367382
595517
569058
613368
613950
243445
500183
613686
565818
500725
538933
453130
605775
565249
613782
146000
573996
8029
8028
378794
613545
613061
507888
593492
309430
402498
557614
453266
56308
585415
614119
613779
613747
598418
604651
610370
344120
613487
613485
613735
612723
564969
207360
577704
614044
610167
607915
493225
613054
603462
525072
610951
554581
565818
563206
500183
303454
342975
613774
583243
578665
614887
396101
579669
580232
579272
168415
593800
602320
542122
614472
581787
609668
472048
529047
600210
479471
568419
614430
572021
614220
576145
111336
607278
442262
613864
596746
614664
612332
612289
8028
609072
507888
586415
599960
430936
199586
570732
614657
395524
547029
542132
595126
581986
610351
532500
615195
548712
577704
99627
8029
517425
611941
427864
446393
289934
272569
558661
615230
602335
607587
553224
586665
140686
493225
250154
612825
577034
519761
614749
485239
573996
453130
608758
614044
612033
614787
603462
578665
326207
557614
554581
99627
609668
105178
525072
563206
616117
396101
610951
507888
583243
255395
614664
614887
472048
605775
615189
581214
597649
613774
612240
614720
579669
459764
586415
612332
615459
372931
303454
577704
469052
8028
616836
570732
430936
595126
614703
615390
470757
610117
615850
615900
616078
558863
604999
580947
85324
616010
568419
565818
614876
301373
615442
604761
168415
611059
436843
503291
582350
615764
500272
581787
610295
613735
616749
615609
607244
301087
544785
612289
616328
614905
346495
509941
594390
323112
596746
547632
456400
610603
446393
317002
611728
542122
617805
111336
512244
542132
8029
589190
402498
414943
615467
379768
594939
615362
616325
612699
612813
576956
375742
493662
482889
473721
599960
565249
617035
554533
405285
616796
529047
572021
338508
607570
519761
616001
616735
614591
618989
603462
615189
429906
507888
612332
565818
544785
358438
618197
609668
472048
558863
105178
578665
593800
243445
616929
515326
614664
621696
479471
542132
583243
8028
546958
619606
622608
255395
610951
576936
616632
575824
557614
620666
583808
397795
613774
396101
619725
482889
389603
615609
615173
615516
593679
618806
614703
612255
614887
609467
399291
367016
554581
607244
617622
397214
617798
618772
436843
361853
617158
565217
616409
618225
619315
499290
533688
538041
295164
622808
621117
619375
522991
613747
614594
617805
610295
593738
8029
619265
618153
586415
583714
610213
619579
619254
621404
619310
470757
572762
570069
618475
617764
521184
608525
622889
621626
499376
604761
618914
623081
408609
295556
589168
618275
461135
612033
622705
619760
619921
474628
544308
598795
618354
197296
554533
378718
620681
622623
538933
350919
618595
363394
612289
526993
620552
618978
613735
613285
617238
613864
108816
366783
589414
610844
571211
621260
621773
623161
619552
622951
619485
610723
616464
417090
615389
614531
507888
592470
625589
565818
538041
397795
105178
625580
479471
626261
621696
619320
255395
622608
615189
622086
603462
583813
396101
558863
624007
243445
424907
626094
614703
224632
623914
626949
141455
440855
624917
537475
463355
421241
586415
579669
624288
623685
544785
627868
608525
289934
616805
624974
624074
622889
8028
623564
622808
585162
572762
617424
623415
619528
624953
593800
625398
628152
623959
578665
614664
567100
626313
623269
565249
525072
435284
627591
597595
356337
587337
585365
197296
588076
624706
619653
8029
626636
623928
612289
608309
604761
576936
623578
622570
627766
358438
482889
594187
623653
397214
515851
615744
108816
623081
623266
625666
597568
462975
584203
625006
619532
623569
625224
301373
603993
168415
624227
625542
452088
426286
600002
330690
621321
627263
613445
610844
616409
474150
486806
593738
625822
623431
627461
619725
624758
623055
341813
466168
546958
364608
460473
624311
627762
624777
627219
528654
618135
456601
534144
472048
576145
624452
609467
583243
555195
614707
626502
617528
389603
548039
607244
612681
620681
628127
621416
301087
514195
426915
583808
614887
623949
627365
627790
623609
624853
623854
330641
602616
423072
417090
610723
627754
623866
620425
627427
627514
285721
411090
623718
623588
623050
625817
627193
624855
622394
627064
616214
565217
623524
619895
627544
98603
627487
624108
619254
623655
623807
625616
622443
607405
499376
596142
596137
383968
437754
370008
581174
464361
626426
624829
625492
623735
622212
622792
499290
613338
548712
577540
586290
361264
610603
152561
623965
625184
627290
627628
623251
626581
622086
538041
507888
625589
396101
626949
525072
607278
615189
255395
292807
627868
605775
579669
631383
621696
537475
625505
624917
603462
364608
625224
108816
622694
337718
617713
614531
623866
589168
630928
631344
604761
630375
631032
629874
105178
558863
342975
624288
554581
631464
631230
614703
243445
606503
612240
625566
621607
500183
630692
8028
446393
612289
593800
625542
544785
421241
424907
611844
568419
625853
616929
358438
630603
619423
629232
570732
608309
618374
625876
630914
628806
630348
542486
548712
612861
629105
629277
614887
630785
630516
565249
430936
301373
629653
607244
318132
435275
630539
8029
625640
39935
597568
593086
576936
585365
565818
323246
565217
577034
631287
619320
626376
593738
238206
580947
585162
629497
628191
625580
597649
615226
582110
326490
630449
628963
363394
600883
605967
606951
558109
603993
628315
630399
631570
629238
610844
611206
578665
614812
630183
630425
393466
418089
597595
626405
625534
621626
630377
629446
592470
581214
630070
631015
629073
619606
629633
631536
608373
618735
602133
617729
570069
626261
629646
630193
631420
623735
627591
580266
600992
610832
532021
389603
610047
457286
627948
630775
631158
628735
624370
630323
134196
439386
269111
463355
520555
630791
631642
630995
629341
627544
538041
337718
622086
174800
627591
507888
624288
631861
597649
603462
630928
624917
632096
580947
624370
606503
615189
631966
243445
604761
579669
554581
630692
339392
392871
607278
528654
632030
621696
105178
108816
628315
592790
467416
364608
396101
631470
389603
623668
626261
440855
607143
625589
631032
625505
403707
625224
614703
446393
423072
618334
369508
538148
489317
544785
114468
399855
581787
499374
617221
361853
608290
633443
631344
632625
525072
519761
430936
469052
8028
633392
626405
593738
593800
269111
614812
604999
629874
8029
627980
575026
605775
632274
632586
611838
330690
612498
323133
614887
605967
631230
424907
424615
618374
578665
397795
397188
617743
191595
632981
632988
588076
593984
314294
632702
625853
406526
558863
594145
616683
578800
289934
442226
529968
333877
439386
625542
632100
632031
632642
615226
421241
370620
197296
611844
570732
464361
584303
363394
625266
631027
629232
474150
394932
405285
607244
624706
632116
568419
540983
472048
627868
625374
625566
631931
202711
512244
544368
622536
631884
608373
168415
436843
615744
631962
632108
632655
398147
224632
303548
633539
396101
538041
467416
632096
544785
625224
579669
551891
624288
602335
525072
629546
255395
339392
606503
624917
337718
604761
622086
592790
607278
633778
397795
628315
507888
633259
554581
629058
630928
623866
570916
615189
174800
536729
563206
630692
631642
243445
623668
634210
558863
342975
411367
607143
432702
512244
529968
39935
593800
623686
605775
612861
633116
623032
603462
440741
389603
269156
602076
620132
611844
627980
8028
462126
610295
399855
370008
114468
423072
405285
597649
535803
151791
573327
634674
611967
574063
424615
609153
633762
631242
592470
392871
634748
608681
555074
608373
625704
634040
633443
619308
108816
619895
474150
614933
364608
8029
630554
600348
588076
612289
421241
631743
632824
622694
625374
469052
424907
446393
634155
629863
605124
597595
294441
443995
617713
605762
626261
633957
619725
618806
607796
111336
630562
633917
624394
624259
369508
504008
363394
375742
330690
622543
633970
634769
615609
583537
634163
625224
544785
622086
174800
579669
624917
632096
603462
396101
602335
525072
626261
507888
469052
563206
337718
583537
554581
632993
546958
538041
634040
635415
632274
627423
551891
625374
500183
364608
622694
624764
631861
536729
570732
635193
565818
635411
634923
580101
261595
555074
558863
595126
269111
453130
592470
607278
537736
627980
548712
635003
620132
633539
588186
636009
623866
634335
151791
589202
537475
613003
604761
634674
634878
108816
520219
625427
623668
632674
518666
634370
635224
635409
631210
635349
608290
635654
376757
629058
635759
432702
605901
342975
502463
8028
168415
535471
635442
609153
615744
610295
425870
400294
634210
634639
614703
397795
615189
538933
634523
343453
114468
633259
519761
571043
634869
635082
633116
601872
415520
604320
606503
599695
624288
635484
161419
311615
430936
370008
269963
500150
631214
630314
105178
591105
635040
634900
634895
625615
634584
609467
581299
428186
578665
603974
318132
238206
635120
625012
635630
635641
635440
619327
21149
348710
235514
333877
174812
339392
634690
635020
625697
528654
584507
588293
425787
504923
612289
514265
610804
635133
635032
633909
39935
369508
609883
635076
8029
635852
629025
625505
633764
627851
635589
635757
635773
627697
468830
607244
435315
363628
495600
591717
635420
635453
636102
174360
466337
307370
570069
337718
634869
525072
614493
625224
612861
633468
622086
636009
623866
159114
389603
469052
499847
601872
627423
603462
283565
277925
486806
522991
635020
632674
632993
632030
636079
607278
589202
507888
370439
635773
558863
636102
636184
607143
635411
623686
636137
608290
615744
636408
235514
609883
631210
634923
428186
605901
502463
519761
554581
453130
570069