2424
2569
2576
2701
2983
2989
3127
3477
3636
78596
98176
105178
105938
108816
114030
114468
120036
127972
128566
132827
133251
136999
137775
139049
140686
151791
152628
152746
157828
168415
169748
174800
176222
182703
191595
192715
195544
196429
197296
199321
200073
205467
208094
209710
210796
218047
218168
221683
226796
231602
236238
236712
239513
243445
243601
244230
249950
251751
255395
264912
272182
274374
277826
281270
281677
285695
287635
289934
290253
294441
295453
295663
296716
298478
300020
301064
303454
303548
305013
305941
307370
307793
308943
309430
310266
315572
316184
316405
317034
317940
318132
319203
321992
323112
326490
326498
329267
329820
330456
330590
330690
331089
332893
334425
335196
335405
337718
338196
339392
339455
339537
342975
344561
345053
345385
347699
350931
351122
354608
354685
355058
355363
355682
356536
357097
359484
359780
360035
361027
361302
362934
364608
365775
367253
368690
369787
371329
372149
373405
374818
375365
376757
377006
377262
377404
383683
384840
385538
386888
387142
387160
389603
389791
394932
395770
395997
396101
396244
397795
399799
399855
400531
400630
400760
401637
402498
402752
404992
406370
406697
407244
408985
412031
413753
413854
414374
416928
417307
417329
417475
417672
417900
419384
419403
421378
421880
423072
423074
423654
423934
424140
425343
425782
425937
427638
428034
428606
431224
431574
432071
433664
434141
435315
435600
435904
436217
436341
437012
437346
440608
440741
441770
442254
443353
444703
446393
447168
448115
449609
450666
452899
454116
455187
455401
457689
458469
458657
459950
460329
460473
460495
460824
461990
462681
463005
465082
466528
467416
468830
469052
469425
470136
472048
472441
472705
472838
473907
473939
474150
476161
479006
481299
481646
483736
486034
486377
486414
487971
494577
500150
500183
501393
502519
502663
503292
504217
507460
507888
509017
509403
510784
510980
511999
512244
512666
513100
513210
514759
515804
516071
516702
517799
518666
518896
519065
519266
519723
521051
522116
522867
523206
523327
525041
525171
526384
526804
527502
527718
528565
528654
528667
528795
529036
529421
529968
531446
531712
531925
532159
533132
533710
533816
535307
535418
536729
537449
537599
537736
537817
538041
538148
538871
539087
539219
539226
539308
539462
540025
540544
540920
540983
541303
541589
542087
542455
543425
543434
543685
543836
544368
544374
544785
545195
546545
546958
547077
548039
548695
548770
550964
551850
551891
552360
552684
552979
553095
553207
553473
553569
553650
553895
554112
554128
554316
554581
554668
555074
555164
555567
555912
556558
557005
557611
557614
557989
559150
559513
559898
560022
560067
560177
560234
560244
560384
562564
562824
563206
563414
563985
564035
564954
565203
565273
565566
565750
566049
566146
566832
567829
568419
568923
568962
569178
569298
569979
570069
570576
570998
571295
571975
572567
572591
573211
573546
573555
573556
574063
574183
574922
575134
576909
576956
577146
577371
577480
577704
578021
578268
578281
578530
578800
579272
579412
579669
579852
580175
580558
580809
580947
581063
581174
581323
581688
582037
582319
582338
582719
582956
583312
583335
583390
583537
583686
584975
585162
585476
585479
585738
586157
586827
587022
587227
587292
587410
587810
587990
588180
588877
589168
589202
589248
589664
589824
589957
589983
590038
590271
590636
590741
590798
591175
591451
591650
591701
591709
591717
591977
592075
592302
592442
592470
592790
593276
593296
593697
593738
593902
594117
594145
594187
594376
594379
594575
595073
595161
595647
595859
595959
595973
596007
596392
596443
597062
597084
597194
597508
597649
597661
598080
598317
598513
599835
600061
600173
600307
600348
600422
601071
601076
601173
601557
601666
601961
602076
602335
602461
602819
602987
603123
603328
603462
603856
603993
604184
604296
604320
604436
604646
604761
604838
605111
605461
605635
605739
605893
605935
606503
606781
606927
607143
607160
607202
607244
607278
607532
607692
608253
608309
608352
608674
608808
608919
609187
609325
609336
609459
609467
609581
609655
609883
610047
610117
610167
610295
610390
610559
610578
610640
610711
610951
611206
611240
611284
611562
611747
611790
611844
611880
611885
611967
612172
612217
612240
612255
612421
612428
612783
612802
612861
613081
613201
613215
613285
613329
613474
613735
613766
614114
614303
614419
614493
614531
614585
614596
614664
614703
614780
614887
614980
615016
615189
615226
615280
615467
615862
615902
615917
616011
616233
616252
616302
616482
616564
616568
616569
616825
616970
616971
617221
617360
617818
617950
618107
618123
618195
618201
618260
618285
618374
618414
618510
618565
618772
618998
619050
619075
619260
619423
619470
619566
619641
619720
620044
620085
620235
620313
620340
620418
620545
621080
621100
621145
621303
621696
622086
622132
622386
622469
622635
622664
622694
623046
623058
623093
623097
623118
623139
623258
623269
623283
623342
623426
623515
623539
623587
623668
623805
623928
623984
623994
623995
624106
624199
624204
624219
624335
624370
624617
624675
624685
624706
624853
624916
624917
624958
625002
625195
625268
625505
625566
625589
625615
625783
625790
625842
625849
625851
625853
626015
626183
626198
626216
626221
626222
626261
626298
626313
626372
626376
626392
626465
626626
626648
626690
626734
626949
627055
627064
627067
627315
627488
627549
627575
627588
627589
627591
627697
627724
627762
627770
627779
627824
627859
627868
627931
627935
627969
627997
628037
628158
628186
628239
628284
628315
628358
628391
628543
628564
628600
628661
628682
628685
628735
628758
628770
628776
628786
628798
628808
628809
628880
628893
628904
628921
629019
629076
629117
629228
629238
629244
629290
629303
629313
629367
629446
629484
629491
629514
629542
629614
629729
629854
629982
630004
630029
630045
630127
630146
630273
630294
630323
630352
630488
630558
630562
630587
630622
630689
630724
630736
630829
630836
630912
630928
630977
631006
631027
631032
631034
631050
631088
631175
631180
631198
631230
631272
631340
631344
631383
631389
631395
631397
631401
631424
631450
631457
631470
631515
631677
631714
631861
631935
631943
631966
632004
632026
632096
632170
632215
632239
632279
632421
632516
632565
632614
632625
632662
632703
632750
632783
632792
632796
632810
632863
632884
632966
632979
632993
633033
633053
633116
633128
633200
633214
633234
633241
633295
633296
633299
633305
633309
633315
633346
633465
633468
633498
633508
633510
633539
633572
633638
633657
633664
633695
633721
633744
633771
633778
633806
633811
633909
633938
633987
634040
634042
634107
634235
634335
634404
634450
634484
634513
634617
634674
634685
634749
634779
634784
634786
634804
634837
634869
634894
634900
634907
634923
634935
634945
634991
635026
635061
635193
635224
635274
635357
635406
635453
635459
635515
635571
635654
635830
635833
635857
635935
636017
636123
636268
636299
636326
