519761
587897
373893
466337
513200
424907
85324
421241
96305
317002
377214
592247
397229
161419
570159
333877
356337
405285
514195
597595
363394
536242
89130
437280
428186
111336
378794
483446
572150
595677
479471
529047
394765
436843
370190
493662
348710
412722
98603
235514
453130
572021
428226
224632
280310
493053
417090
323133
141455
326207
539765
426915
230082
338508
565818
556249
594942
530184
322044
318295
595126
610222
520219
279409
571211
539090
574950
591062
324073
435076
384034
592793
503726
430936
301087
478601
610832
490133
320844
345506
452088
344232
538933
495600
427488
591608
231995
586371
550208
353520
504008
344120
464496
492964
355975
395524
261656
393466
562029
330641
595636
570472
462126
272569
603821
199586
155129
560403
479075
435275
593984
503291
502463
482889
319375
586217
584507
583243
495670
570732
99627
603465
446845
595317
588076
601943
581363
530344
551268
609359
559302
600002
555088
589190
320737
522965
553224
424615
523931
537627
604565
413090
544393
168525
582110
566294
585158
596937
525072
456931
605901
532680
585446
238845
601872
583813
565217
548712
384499
582350
437754
599695
423880
603491
443995
558863
581986
600992
548186
596746
583954
470931
581214
602799
601110
598228
534144
580804
510180
605339
442262
423337
420872
604651
586292
473721
565249
609153
610723
537475
501151
583618
613003
578665
588186
595591
593800
250154
602133
562639
384188
557903
593089
598795
584203
365291
301373
572256
586429
583714
605840
609658
499376
402550
607963
130217
450313
597568
593086
370008
500272
393064
608681
427069
608290
496219
558626
591311
573327
509941
589936
602320
555155
608893
608373
605181
563934
594390
579120
586290
583903
596933
613487
603905
605967
